Thru_Think = 0.011255
Thru_Reduce = 0.045215
Thru_Map = 0.458214
Thru_Join2 = 0.011255
Thru_Fork2 = 0.011548
Thru_Join1 = 0.011548
Thru_Fork1 = 0.011255
Thru_t13|rel_Cores = 0.045313
Thru_t12|acq_Cores = 0.044921
Thru_t7|rel_Cores = 0.457921
Thru_t6|acq_Cores = 0.458410
Thru_end = 0.011157
