Thru_exeReduceCb = 0.038439
Thru_exeReduceCa = 0.115974
Thru_exeMapCb = 0.384505
Thru_exeMapCa = 0.715636
Thru_thinkB = 0.009600
Thru_thinkA = 0.019304
Thru_fork2A = 0.019317
Thru_fork2B = 0.009622
Thru_joinB = 0.009623
Thru_joinA = 0.019316
Thru_forkB = 0.009599
Thru_forkA = 0.019305
Thru_join2Cb = 0.009599
Thru_join2Ca = 0.019318
Thru_end = 0.028918
Thru_acqCbNPb2 = 0.00118612
Thru_acqCaNPa2 = 0.000178
Thru_acqCaNPa = 0.001172
Thru_acqCbNPb = 0.012499
Thru_acqCbPb2 = 0.0372452
Thru_acqCaPa2 = 0.115795
Thru_acqCaPa = 0.714421
Thru_acqCbPb = 0.372023
